$ANSIBLE_VAULT;1.1;AES256
30366630663333623734633665303266303133623835623561366139663139313538306262386433
3765643438363035313134636537386665373664623134380a333638306432623163656537656139
63653338383161363936353534363833653766623462323936623731336233666266616337623964
3632386463363334660a666661633530393662623564336365663764383736636233386634633831
31643365363137316136393664653630343936346235646131633134306234306436623265383436
34316561323431656565373063643964343666323432653065376433363037643863363035383530
66646134646535656166643833393363633435623833306663396637353031623666613330306633
35633664363962613732333938336130396665633461393433383066636438303033313332666566
39393938373965393963626162323539383766323636326635303636653637666164326639316435
61386564323934623032666639643366343764333831313062393965386231346634373234613963
30313162623337643233646135353465633635373639623636636339363561303564303538653462
64396535316161383362343239653233383864353564356137623935346337333136346665356235
30333337346533316663666537623965323437346565373461666132383065613531393333373033
62646139646630386338646462343434333932333339306431333462666263633861613463383662
61323164663736346231326138623333623333323732643736383230666463633037643934623532
38373061666434653763626238306166373662386530376638616362346565663632303239393535
34343336393534373564653065613936373638356561303263303530326535666565313763316532
32376566323436363437373666343532653662643061336362666662386264643937376365643663
62363561303565383965393536313135396563306330623764356433643938613235363262333234
39346636316461373030343561623566653939636561356538616232303161323139373432643962
30346233346430646331656630343463303733623662626132386537333639383534613834303561
32333739626438373465346639623330323331346133663838323231346466316561646533316563
65666263643065356138656134313033623161663763363637383937656665643836373565303834
31633638656366326564333435653164373233376135386137336361316534633061383134643934
34313136633633623538333130303831353831326537663038666663383363653532626136396365
65356265393831626231323864363862393862626337623231653535656238313435316537653733
62373231306431323166326631306161663265356431306136646366303962353531636465386432
37346630316363323265323864343039373639613439383539393762323661386561353563613938
33383738343038643335666339333732633430613561393066663664616237386332356237356535
64373331653039656364396261613733313262313533336139303066663662663062633430656565
33616333313030333563373365623232636538656635313835323136626462653736633535386430
34633534313765663738653661366333623663356461363436623935646137343730323365666630
34366662653465376430336239616533633139623863326433353531636162316631643739663939
31306266626436636639373838313662353835393732326434613661303530393462666431306266
33376466646631323861393531366163313035633933323432356663663566313838366237663162
31363331383565663937663762623535306132353166383834633766326264653837656334646530
66666434316431333034313163333433616666666139383162303231346264373838663536323265
66646363653832373863303463323934643031383464393838326464393064386235623261326561
35656164666466326430353064346162373161363737303535333863303338643365646565333438
33333634653630666231613764366665323061383936363634646362346631366261613262363762
38303639646465343037653731336563373736303636633233396366646639343930336530636233
33306136303936366638653739356663646465346663333739646637386266386563646331653939
39353034643364653437336231306238636131323863623838356661323233396535613535376333
32333932356563383335376564616464646133646132303332303939333631663366363137393061
66353735643362656161326130663138303037653232386237386663636239653333326561616531
32376639633563643233646364386333646134623436313736393736646339353564613061653338
33343236653364613430396164383235313037623336353461353432653033363663643931643336
65623533643465326431303933616438646464333662353066396233343734383834363266346436
64663865313634653137633162653932386139313561616566366530336536343130373938383065
39376165336433333439636136323764346161316162326662313666633832653539653739393761
64333766326562373066393865666234303630303362646230396438333137366130333734636332
65396630363733623630656463386336313833373639346362636231343531383230376137396162
62643762363161333839653066643538353338303037646538643637626263643034343539663339
65313936313133343063613131376466633161353363343063613832346664373732323235303162
65633132306265343732373835356665356431393963363630393362643231343235383135333236
38376637393034333866323432646434366139306666303837633064373638323239653438363933
65313137613532613335626663303431663432363464396430646136323864613634643334666261
38633538363335346538333762373330326438613234346530653262363562376434346661336562
393962313033616335343566376162356134
