$ANSIBLE_VAULT;1.1;AES256
63303166653161363333313766396663623266353937326636313830653532643262373532376135
6339663038386332623836343365643132313763326665650a303261393666633861383165336366
37663365626461663337663031393634326164383537626263666130363435386663616263383433
6535653462343634390a343664356130643764646534383063323134623634613061306664653064
37396134633734613463613163306435396335306534323639383337653539363632666564643765
66313764353436373834353639636462653862623638613731366437653038623165616238636566
37306633353264363162343639313462373533306162633366336566373364313430383362353838
36656235316435643965303430313665663463366665396565363361646236623937353737643834
64386162613333336461303537323062653334653661356266633131343535303138343839393739
66613939386363633863343438376665626536303039613763646439346330323561373832636263
66396238643363623763636434646362636233636263333632326665316136313531376461386662
35373334613237363934653530313263393562333862386465373066646134666439313663313561
31393436356432626433313134623061303035656435336437653430393363636263663434303562
36613032353963623566323731616136666432336261356435346439393635626163643839353966
66353234623266613366356362333662333531633763316432623763346364393161386662633438
35373633303666626236313534316164383731343463623465316465366634343863336130353533
34366462633832643833313838393532386566646236623830396564346434376630653137323062
62656466616433346134663665323630623838383139323538366638336161336163396437366435
63306135376564396164353361336337653537326163326330313433616630316636623330623139
66653531336238383230346265363561623234646463613833383935306466663234346539303563
38363735303261643332373834373631633339313538373537653133356565326665333063373335
31313930366462663333386534323662383036363935653239376430663737363135323362376237
64383034346332376530616462343636623563303734626466623766336335363565333332333834
34313763383636373836323364326465623139393439656533613039653261393037373836613234
35363562623630373334393333623966336561636665653332656437346238383633343632323466
34353636373566306233316434366332346662613662633935373236363436366237636630346336
33343930373730366530396565303431396236343062386536343061663530326164336566396335
61646666653333303136643438653336356565313735646164663064396564393263383962303164
34366237333865383231636135383664323938386632633032633232316665306634396539323462
66373930316337316634643966343934623137356661386334343238613937633231343565393831
37333965363837626433633233343636626539333962333534383861336430653233643737646639
63626334363661373666323537383732363664366631353637323165626338613965373362363339
61343562643232393265656136393436376232633531616435336430636561323937613632656637
66656533303731663866333362396536636262313665653562613233643636613938353964666330
39663561356531386537363531346231666362356330303034643833663436646462383039346533
37393433353666363436383731613062373135666434383432636262643666636565323633373565
37643132363139336361626463363662663662633338323733643364363262346231303031653462
34386532313063656130333437326336616438303266653437663464656161343139373861633232
35386336616631623637313262303737383866303737393031653533346265303433636334313437
61313535613839323563656336663435326364643833613534393836313737643733333237393532
32613830386464306262636236663834613437346630656231363565326439623066313936646538
33303066333731316434393763613538383434393262656335666561396163366131346535336537
31643937643431323763323066383531663830356538313063303932323734343562326639633037
36653034343432613636326464363732303561613564636136643331363035643532666436343632
36313239366137363638663634653238666136306134316165363431386466363066646433616461
33333239363837626639393536313737353962363931383365373264353431323164613137306638
64626238623631656233326338653464343666393937346231323363333161343439633164323965
30656366613962303132623735643832613734633233343231613234623563633033393037653938
61663463633139656566333161383164393931616436643431396331343638393234613164636136
66356230386164646234386639613934363965326165373061613439663764303564666662666162
63333963353431303335643964643838663062616531393436653263313839646538313865353531
64386132323339623835396162376638333565343363306238313736386338343131626265303830
34313434356239363462656237383230313463636633396363303135306434323039623639323266
31303730653838616134343666666433333630323734306138613464343664353863666333623139
35623237643839666261343932633661613337343233663231353161656165373433343231363163
62656338306464663266353965313765393434333865306335616332386461613261643334376236
30346233613733633932386361366630656666623965353965653633343738666432366332326630
65376533386638633863623537666236663163316137336266386138653866623536346432383331
63666435333634303532636630353230323434366465643363393863383662373664333732316633
38373264633662316366633162386166333539393437396535313933646231653435343534613665
37656431323066316630643965383066346636336236343338313834303432623663616639356532
64323133303233363035313064613237643031336261346166353364343962336438666662616435
66353331313863343938353832313038393530303036346463313936346339356237316234633231
34383737393765323639303165636661346664646232613138623165666538373665663362643034
34613230363166336530633434643566366238333266613132393732616333303830353330666633
38623634316662353434303734663037393565623034636566303133633362353835386266396263
65393438363331643962303265616330626535623133383861316264316135323330346662326534
36643434373962353337396233623261346664323364643535353335326637396566623231303033
36623039653435366636623039393964366339663037373938616663636437323935633236646632
39346533383339646131393265306661623661663934636633636662663534313936343536393664
66633463356130363432373138393930656237393130363463383631303636326362353466343433
39356237393964666266386530343237343634643537303231386561353466356564646132363435
38626336373736396162623936326235613935653266323264333666363361336431366435356134
61303737396339623861623266613763393536376534636230316530643065366239313834363136
66303131373264316163353337646161346236386433383234326265636634626661386666346436
34303966613637653335656632386563366638643834333062353237346564663763323332653662
38646137323139653030646664336539613061663935666137333331656365393761346333356466
61303164376462356437626630363563393739626539386262663864383939626237353638396533
37323733656234643233303438383038366462633739633831323262306431393862333466653031
38613638623430326431616539353734666336373465383337303663313230626264396462353537
30373464636635356461353235646332653432663838636431343438353866356338363333626432
31613533666130393464343165336637613135333466653733633435643764386465363538343565
36303134393865306266363230313539383437636435343131376335353232343061353165326665
66333666333661613234663739343964316161663463386361366164663433366331636661623663
36663362363461366235636336363131613936323034353565333864653739353830323639626363
36323762316335303561343137306131636535313336353631623736643937643365653938346663
37313462306335343831646363383665623937306632393165663161323863363031353130383066
63656536313461356331
